Amarillo8797709,4,18,9,6,12,7,3,11,8,5,1,20,15,14
Rojo1277075,19,9,2,14,11,17,3,13,4,20,6
Azul4840277,18,17,8,10,1,15,20,5,14,19,11,6,16,9
Azul1405606,2,19,10,1,9,3,15,6,17,14,8,16,20,18
Azul7173929,20,13,19,18,17,10,11,8,16,12,6,7,1,5
Azul7196944,8,16,20,11,18,2,3,1,15,12,5,17,9,7
Azul2321377,6,12,4,10,14,17,13,19,5,9,3,15,11,1
Azul3771322,19,14,20,15,1,9,3,16,17,11,6,18,8,2
Rojo1195254,14,4,16,7,19,9,11,15,13,17,18
Amarillo8434329,15,18,5,3,20,17,9,2,11,19,10,16,7,4
Rojo6472780,16,13,2,14,1,20,7,6,15,3,11
Amarillo6905998,13,3,6,17,14,1,2,11,7,10,16,4,9,5
Amarillo4992593,2,11,13,15,9,17,19,16,3,12,8,6,1,4
Rojo3491585,13,7,8,15,4,11,9,3,2,1,17
Azul5263831,11,18,20,15,13,16,5,4,8,2,1,3,7,17
