Amarillo8797709,4,18,9,6,12,7,3,11,8,5,1,20,15,14
Rojo1277075,19,9,2,14,11,17,3,13,4,20,6
Azul4840277,18,17,8,10,1,15,20,5,14,19,11,6,16,9
Azul1405606,2,19,10,1,9,3,15,6,17,14,8,16,20,18
Azul7173929,20,13,19,18,17,10,11,8,16,12,6,7,1,5
Azul7196944,8,16,20,11,18,2,3,1,15,12,5,17,9,7
Azul2321377,6,12,4,10,14,17,13,19,5,9,3,15,11,1
Azul3771322,19,14,20,15,1,9,3,16,17,11,6,18,8,2
Rojo7447094,8,5,4,19,10,6,14,15,12,13,17
Amarillo7954953,16,1,9,5,8,20,12,19,6,14,7,10,13,18
Azul4629041,13,3,11,15,1,10,19,4,17,5,2,7,9,20
Azul6443925,7,13,9,19,8,16,2,6,5,10,14,20,3,17
Azul4738623,8,11,10,2,1,7,3,12,16,15,9,20,4,13
Rojo2478281,5,18,13,20,3,8,9,15,10,19,14
Amarillo7501022,4,3,5,7,2,6,12,11,15,10,14,8,1,17
Amarillo3135134,11,5,1,10,19,6,2,12,4,13,3,14,16,17
Azul8427233,4,14,10,3,15,12,9,19,20,6,17,2,7,13
Rojo4898518,15,10,4,20,17,7,2,13,3,8,14
Azul2871225,11,5,6,1,17,3,4,18,2,16,10,7,15,19
Amarillo6595153,15,5,11,2,19,4,18,1,10,7,9,12,14,17
Azul1723132,12,13,8,19,15,10,4,5,1,18,7,14,2,20
Rojo8318005,10,14,4,19,7,3,11,16,1,20,2
Amarillo4008174,2,5,7,12,17,10,3,4,15,13,1,16,20,8
Amarillo1023579,1,2,15,6,3,7,4,11,5,17,9,14,19,16
Azul5685800,13,5,4,7,3,11,6,20,18,2,15,14,1,8
Rojo9535910,17,2,16,7,15,14,1,10,6,20,19
Azul7407430,12,14,18,9,7,4,11,8,2,10,6,20,5,3
Rojo1291839,18,3,13,5,20,12,7,17,8,15,9
Amarillo8167885,3,18,20,2,8,1,17,12,4,19,10,6,15,11
Amarillo8510915,2,13,6,3,15,7,16,19,17,12,4,18,14,5
Rojo7591197,8,18,13,9,15,17,4,6,20,14,1
Rojo9226276,6,14,17,20,12,10,8,7,11,4,16
Rojo8627001,7,12,17,14,6,19,10,1,16,2,5
Amarillo2822123,16,9,11,6,3,7,10,20,17,2,19,1,13,8
Amarillo6955356,14,7,5,18,9,11,3,8,19,15,16,20,6,4
Azul7992798,8,12,15,16,13,17,9,10,5,18,7,2,3,14
Amarillo8682220,7,2,16,8,10,11,9,14,15,1,18,4,12,19
Amarillo1537460,18,9,6,8,15,11,3,1,17,13,5,7,19,10
Azul5181954,17,1,20,19,2,16,18,5,6,15,4,13,10,7
Amarillo9390458,10,9,17,3,12,16,19,14,4,13,11,6,20,2
Azul4103365,9,3,14,4,11,18,10,8,16,5,1,15,19,7
Azul1657393,18,5,4,20,10,13,6,12,15,7,2,11,17,3
Azul8093381,9,16,13,5,15,7,20,8,6,10,18,4,2,19
Amarillo3683523,4,11,18,8,7,16,15,19,6,1,12,20,2,14
Azul5773594,15,2,1,12,19,6,14,16,4,18,20,7,8,17
Rojo6186186,18,16,2,14,6,3,9,10,13,17,5
Rojo1752995,12,17,20,3,5,2,7,11,15,13,18
Azul1074915,6,7,8,9,19,4,17,1,12,20,5,10,3,11
Rojo6837377,14,16,9,20,6,11,5,19,8,13,1
Rojo2800995,5,2,9,6,18,19,3,12,17,20,15
Azul8035432,3,9,12,16,4,6,20,8,17,7,10,15,11,19
Amarillo8376911,13,5,14,4,20,10,19,18,3,6,7,16,2,12
Amarillo2617431,5,11,12,16,13,14,4,10,18,7,8,17,3,6
Rojo2780281,7,18,13,20,1,16,14,15,3,19,12
Azul3095894,14,15,10,5,4,12,18,8,11,2,9,19,13,1
Amarillo2709253,1,11,17,3,2,15,8,19,18,10,6,9,20,7
Azul8169706,17,5,19,3,6,10,16,2,11,15,20,4,12,18
Amarillo6393034,15,10,9,13,3,20,14,7,5,8,6,16,18,11
Azul4017387,8,3,12,9,7,5,4,13,17,2,14,20,6,10
Azul5529800,7,16,9,17,8,10,13,12,2,19,20,14,6,1
Azul5271356,11,4,19,16,1,9,3,17,12,18,15,10,13,2
Rojo1195254,14,4,16,7,19,9,11,15,13,17,18
Rojo5221992,13,20,1,3,11,7,16,5,4,19,15
Rojo9727909,6,8,10,1,2,14,20,19,13,17,12
Rojo7251751,17,19,4,6,15,7,1,9,20,2,13
Rojo5046876,20,10,2,8,1,6,5,14,3,9,13
Rojo2708426,4,18,5,7,2,17,3,13,6,12,15
Amarillo7003946,7,12,11,18,4,3,13,10,1,9,5,19,2,6
Azul1873516,8,11,12,18,2,16,14,17,19,15,20,5,7,3
Azul9637415,7,8,5,13,10,15,11,19,12,17,1,14,3,2
Rojo5135904,18,2,19,6,14,12,10,20,13,9,5
Amarillo8565735,18,5,8,10,14,2,3,12,15,9,13,7,11,19
Rojo1139132,11,12,5,13,19,6,20,2,10,3,1
Amarillo2109487,14,9,16,4,15,5,11,3,7,18,1,6,19,2
Amarillo7868873,7,11,13,12,10,16,18,20,14,5,6,1,17,3
Azul1742984,15,19,7,17,20,12,10,11,5,8,9,4,18,3
Azul9060746,18,4,6,9,14,15,10,13,7,2,3,17,19,1
Azul2583348,14,9,12,5,3,7,20,4,13,18,10,15,11,2
Azul8307567,11,17,1,15,14,9,12,3,16,5,8,10,18,19
Azul7265186,16,8,12,10,4,14,19,1,2,9,11,6,18,5
Rojo8685873,1,9,6,7,2,18,8,12,15,19,3
Amarillo1509016,7,16,2,15,12,20,6,13,1,14,3,8,4,11
Amarillo7838128,18,7,14,17,2,1,13,9,20,11,4,6,3,19
Rojo2208785,11,3,4,5,14,19,1,9,10,6,13
Amarillo2998132,6,19,10,13,14,4,16,7,5,12,2,8,1,15
Rojo6508751,14,20,18,13,6,3,9,10,2,8,1
Azul4029531,18,14,15,16,2,3,1,19,8,12,20,13,7,17
Rojo7788087,1,4,8,11,5,12,17,10,9,2,18
Amarillo3332588,9,20,6,5,10,19,7,12,17,16,2,1,13,11
Rojo6604957,4,11,15,8,6,10,19,20,5,18,13
Amarillo7494902,4,8,6,14,10,12,9,7,20,11,5,18,17,13
Amarillo6393289,5,1,20,12,16,9,17,11,18,3,15,10,19,14
Azul4135600,19,18,11,6,2,12,20,9,17,10,3,8,14,15
Rojo5763900,2,19,5,14,8,16,3,15,6,20,1
Rojo1026607,10,16,4,13,3,17,18,2,9,8,12
Rojo6124103,13,19,15,2,11,16,5,17,4,8,6
Rojo2595144,11,5,15,4,16,6,1,8,14,20,12
Rojo5022748,20,11,12,3,17,9,19,8,4,10,5
Azul5095058,8,11,14,17,4,10,16,19,1,6,3,20,5,18
Rojo6483090,5,8,17,2,7,13,11,6,12,1,4
Amarillo8714368,12,3,14,18,15,20,7,2,11,5,16,10,6,1
Amarillo8350680,18,4,15,3,17,12,7,19,8,6,9,14,10,13
Rojo1687310,13,11,8,6,19,14,5,20,9,16,4
Amarillo2832017,5,14,6,3,15,1,18,13,9,2,4,7,12,20
Rojo2244888,11,1,18,15,17,9,10,13,20,8,4
Rojo4623637,13,18,19,10,7,4,8,20,16,2,3
Rojo4665607,14,13,3,8,19,6,5,4,17,2,10
Azul1307523,10,16,11,5,3,18,15,4,2,13,14,9,17,7
Amarillo4668311,4,11,8,19,9,5,7,6,1,2,14,13,10,18
Azul3253574,5,11,15,19,20,8,10,2,9,13,7,17,1,14
Amarillo7165596,1,7,10,5,13,9,17,2,16,3,19,20,4,14
Rojo4999513,19,8,13,18,2,11,10,20,1,15,3
Rojo6769078,15,13,8,11,1,4,6,7,17,9,14
Azul7185092,12,2,18,19,10,11,17,16,9,20,15,5,14,7
Azul4105786,20,6,10,7,11,17,2,9,19,13,15,1,16,4
Azul8202179,17,10,14,18,11,19,3,5,13,1,9,8,15,16
Azul5620988,18,6,16,4,19,2,15,13,10,5,11,14,17,1
Azul1268838,4,19,9,18,13,14,7,5,20,1,3,10,6,8
Azul7486937,6,9,8,19,7,3,18,13,4,5,2,1,15,11
Amarillo3627181,8,6,14,9,7,1,2,16,12,19,10,18,17,3
Amarillo7456736,18,10,4,2,14,17,13,19,16,8,20,9,15,11
Rojo2042369,4,13,11,3,12,20,17,10,1,14,18
Azul7694182,7,3,10,11,20,6,4,9,18,8,14,19,13,15
Amarillo4021200,4,17,8,11,13,19,7,20,2,14,10,18,15,6
Amarillo4853311,17,11,12,18,20,19,6,9,7,10,16,5,8,15
Amarillo4818877,3,17,1,18,16,6,4,19,14,15,20,11,2,7
Azul8995601,18,8,15,6,11,4,14,5,13,9,1,12,2,19
Rojo5173568,4,8,2,5,15,9,12,19,1,3,20
Rojo1310670,3,7,4,10,16,15,11,9,2,5,12
Azul9357515,10,13,9,19,15,6,3,16,14,17,11,1,20,18
Amarillo2434643,13,8,3,10,18,12,2,17,4,9,19,1,11,16
Rojo8108834,18,15,19,3,12,7,20,14,9,11,8
Rojo4084953,19,1,18,4,2,16,11,6,3,17,12
Azul2529937,7,1,15,14,4,9,8,13,17,20,10,6,18,19
Amarillo2737147,7,10,18,5,15,3,8,14,11,9,13,1,16,19
Amarillo4421794,11,7,5,6,13,10,19,12,9,17,2,4,20,14
Amarillo8992199,19,18,10,12,4,17,8,3,14,5,16,7,2,1
Azul2930074,1,13,3,7,15,4,9,18,17,14,12,2,6,11
Rojo7323854,16,20,10,1,18,15,3,5,13,8,7
Rojo1907733,14,18,8,2,20,19,6,7,16,9,12
Azul7322932,8,10,6,18,15,16,9,17,1,13,20,11,14,2
Azul4673558,8,17,15,19,18,9,5,14,7,10,11,16,1,2
Rojo3972229,16,1,17,11,5,4,18,20,15,8,2
Rojo6008251,12,10,6,15,11,4,9,3,13,20,17
Rojo5228943,3,16,15,8,5,2,13,18,12,20,14
Rojo7207689,10,12,11,2,8,18,17,3,16,4,20
Amarillo6650587,13,6,14,17,15,5,8,9,20,18,16,12,7,2
Rojo7302026,19,11,13,5,7,4,9,1,20,6,10
Rojo1070337,13,1,4,8,2,17,20,15,5,19,10
Amarillo2355778,7,15,4,14,2,3,5,16,10,12,17,20,8,6
Amarillo2140189,13,14,5,20,3,11,15,7,8,19,17,18,12,4
Amarillo4367134,3,6,19,1,15,10,17,8,5,20,18,9,12,14
Azul9709224,2,9,5,11,18,15,14,13,3,10,12,1,8,16
Azul9014583,17,5,2,19,14,9,20,11,4,7,3,12,10,6
Rojo4979737,10,11,8,1,20,9,16,17,18,15,14
Amarillo9022552,16,5,2,4,1,7,10,3,9,20,19,8,13,6
Amarillo1722952,17,12,11,13,14,1,16,8,2,7,4,6,15,3
Amarillo6969042,7,2,20,10,1,12,17,16,4,3,18,15,5,13
Rojo6306771,4,19,9,3,13,16,6,1,12,20,10
Amarillo3938540,10,12,15,2,11,1,19,3,13,6,14,4,5,16
Rojo2424719,20,10,15,14,16,17,2,11,9,12,8
Amarillo6944320,3,13,8,12,14,19,17,18,10,16,5,20,9,1
Amarillo5192750,15,12,1,14,4,13,17,20,7,11,5,8,19,18
Amarillo7910686,20,2,6,17,1,3,15,18,11,14,12,5,8,19
Azul6741941,19,4,9,14,18,11,12,5,17,13,20,2,6,8
Rojo2185539,5,20,1,10,12,11,19,6,15,18,9
Amarillo6605045,1,8,12,18,6,16,10,3,2,7,13,11,9,19
Rojo7593312,4,12,6,16,7,19,17,10,8,1,11
Rojo2917200,13,1,7,2,11,9,16,14,10,12,8
Azul1413084,15,19,14,6,8,17,9,10,5,2,3,13,4,18
Amarillo8621682,8,11,9,13,15,7,16,12,20,3,6,1,2,5
Amarillo9386438,7,2,15,18,1,16,8,10,13,9,19,14,5,6
Azul6967086,7,5,15,13,16,20,11,6,3,8,4,1,19,9
Rojo9798103,1,18,7,4,6,15,13,20,5,12,9
Amarillo4699276,15,17,7,14,12,1,8,16,4,18,13,11,10,2
Rojo6322936,11,7,10,3,6,2,19,17,4,18,16
Amarillo8434329,15,18,5,3,20,17,9,2,11,19,10,16,7,4
Rojo6472780,16,13,2,14,1,20,7,6,15,3,11
Amarillo6905998,13,3,6,17,14,1,2,11,7,10,16,4,9,5
Rojo1981949,8,11,3,16,6,4,14,10,20,12,1
Azul2263107,1,18,9,16,14,13,6,15,11,8,20,19,12,3
Amarillo6987639,14,8,3,19,2,18,1,17,5,7,20,6,12,10
Rojo1103693,19,1,12,4,16,13,14,11,9,6,5
Amarillo4992593,2,11,13,15,9,17,19,16,3,12,8,6,1,4
Rojo3491585,13,7,8,15,4,11,9,3,2,1,17
Azul5263831,11,18,20,15,13,16,5,4,8,2,1,3,7,17
Azul3188845,8,16,11,19,2,10,18,7,4,14,6,13,5,17
Amarillo2424563,20,13,19,4,6,9,1,18,16,15,3,11,12,10
Rojo6481260,10,16,4,14,6,12,13,2,20,9,7
Azul1880560,1,2,7,16,3,4,13,10,5,12,18,17,11,14
Amarillo3254726,9,8,3,20,5,14,12,13,4,19,10,11,2,7
Amarillo6575074,11,10,1,15,5,17,16,9,13,4,3,7,20,8
Amarillo6683921,4,19,5,8,7,6,11,1,13,9,15,2,18,3
Amarillo2502782,19,3,8,13,16,15,5,2,10,17,9,1,11,18
Amarillo7585200,2,14,20,13,19,6,7,18,11,17,16,3,15,5
Amarillo7395715,6,15,2,4,13,8,11,16,19,12,5,3,20,1
Amarillo7624753,9,6,20,12,4,15,14,5,13,1,8,16,18,19
Amarillo1736560,17,13,6,9,18,1,20,19,7,5,3,15,8,16
Rojo1804117,2,6,8,17,11,18,5,13,10,14,1
Azul7887848,13,7,4,12,3,10,15,18,11,1,20,19,6,17
